 
Input:				[0.2580645  0.         0.         1.        ]
raw-output: 			[-2.2498105]
sigmod(raw-output):  	[0.09536581]
GroundTruth:			[0]


Input:				[0.12903225 0.8888889 1. 1. ]
raw-output: 			[4.02982]
sigmod(raw-output):  	[0.982533]
GroundTruth:			[1]
